PARALLEL REFERENcEs v 119

PARALLEL REFERENCES To ALLEN AND
GREENOUGH'S LATIN GRAMMAR

mtw ou) an om Nssw om Ἴ

431) 30, b 312 202, ο 373 231
44 37 3131) 33,0 0 231,0
49‚c 40,0 b‚N.2 100,0 374.a‚N.1 23211.
100‚c 70,0 314,a — 232,0
107 Ἰ73 324‚e 1030 230
137‚b 30,0 3000 203 . 230,0
148, N. 104,11, 0 2030 230
156‚a Ι 111,0 c 203,0 223
143, 0 327 203 , 233, 0 ,
ψ 1000 327,1 200,0,1 2340
, 107, b 331, N. 210, Β. . 234, 0, m
, -184,0 3300 210,0 , 234,0
170, 0 335, 0 211, 0 , 234, 0, 2
. lem. . 211 233,0
187,0 214, 0,2 - 2330
101 214,0 240,0
33,0 214,7 , 240,0
33,0 210 243,0
133 2133 243,0
134,0 , 217,0 244,0 ’
130,0 ,2130 240 ’
102, 0 218, 0 , 247, 0
102, 0 210, 1 247, 0
102,ο 220 247,0
130, ο , 221, 0 243, 0, 2
130,ο 2230 243
130,1 . - 2430
lom 220,0 200 ’
130,1 227 201
137, ο 227, 0 202, 0
133, 0, 11. 227, 0 203
200, 0 227 , 0 240, 0
200,ο , 227 , ο, 2 200
201,0 223 2030

201‚g - 230 203,0,11.1 t

 

